1 1 8
2 17 44
3 62 69
4 76 79
5 84 87
6 88 101
7 107 110
8 119 133
9 167 177
10 179 194
11 215 227
12 235 238
13 241 248
14 279 283
15 290 295
16 304 315
17 316 323
18 329 342
19 348 352
20 359 370
21 391 395
22 410 416
23 417 420
24 423 429
25 439 444
26 446 451
27 453 457
28 467 475
29 480 486
30 494 499
31 507 517
32 524 532
33 536 548
34 559 570
35 576 580
36 582 585
37 598 606
38 609 612
39 619 623
40 634 640
41 644 650
42 655 664
43 671 674
44 695 703
45 711 714
46 716 719
47 722 737
48 748 761
